113432994
115273983
115273985
115273990
115273991
115273992
115273993
115273995
115273998
115274005
115274006
115298126
115298127
115298128
115298129
115298130
115298133
115298134
115298137
115298138
115298141
115298153
115298154
115298161
115298163
115298167
115298169
115298174
115298181
115301710
115301711
115392038
115396967
115415057
115447844
115447870
115447897
115463029
115463366
115464455
115465074
115465456
115465517
115468618
115468621
115468624
115489305
115489796
115490225
115490408
115490826
115491851
115491977
115492622
115493796
115494118
115494723
115513020
115513022
115513025
115513026
115513028
115513029
115513034
115513035
115513036
115513045
115513046
115513047
115513048
115513049
115513050
115513051
115513052
115513053
115524587
115524589
115524608
115524658
115524721
115524728
115524772
115524942
115524963
115525627
115528144
115573148
115573277
115575076
115578015
115578800
115581936
115581939
115585746
115585747
115598219
115599274
115599275
115599276
115599923
115600478
115601150
115601211
115601326
115602346
115621443
115621444
115621445
115621446
115621448
115621450
115621451
115621472
115621473
115621474
115621476
115621477
115624999
115625001
115625002
115625003
115625005
115625006
115625007
115625008
115626010
115653053
115680528
115690356
115690515
115699620
115706060
115737247
116333237
116577013
116687657
116692552
116692564
116723666
116759653
117638292
117638294
118318871
118374542
118454168
118454357
118454397
118454561
119278916
119279084
119555630
122604129
122604139
122604141
122633954
122633955
122633963
122633965
122633967
122633968
122633984
122633985
122700501
122700623
122702184
122702244
122702380
122702737
122703242
122705279
122705899
122706438
122711265
122711425
122711639
122711874
122813180
122819689
122819843
122819957
122820078
122820683
122821431
122822310
122822856
122823356
122823428
122823434
122827794
122827964
122828555
122829582
122829905
122830201
122830350
122831148
122831874
122836846
122837413
122837692
122837908
122838199
122838269
122838387
122838467
122838950
122839026
122839278
122840274
122840663
122846472
122846604
122846669
122846809
122873313
122874078
122876548
122876549
122876686
122877572
122878023
122878202
122878434
122879134
122879848
122880473
122880554
122880627
122881246
122886510
122888130
122888384
122889513
122889652
122889879
122891015
122896038
122897006
122897029
122897161
122897503
122898096
122899335
122900101
122905769
122905924
122906862
122907127
122907207
122908346
122908754
122908986
122909592
122909984
122910084
122910144
122915234
122915492
122915939
122916171
122916303
122917481
122917559
122918005
122918429
122919812
122919973
122924915
122925129
122925147
122973400
122973401
122973403
122973404
122973405
122973406
122973407
122973408
122973409
122973410
122973411
122973412
122973413
122973414
122977806
122977808
122977809
122977810
122977811
122977812
122977813
122977815
122977817
122977818
122977819
122977820
122977821
122977822
122977823
122977824
122977831
122977832
122977833
122977834
122977836
122977837
122977838
122977839
122977841
122977842
122977843
122977844
122977845
122977846
122977848
123029670
123029701
123030981
123031626
123031647
123032125
123032369
123033116
123036991
123038496
123039403
123039446
123039753
123039865
123040038
123040090
123040161
123040499
123040513
123040865
123040884
123040896
123040936
123040958
123041024
123047368
123047398
123047400
123048516
123048929
123049323
123049361
123049376
123049384
123049389
123049477
123049499
123049621
123050364
123050381
123050446
123051006
123051182
123051259
123051266
123051304
123051349
123051360
123051400
123051523
123051542
123051807
123051852
123056865
123057154
123057306
123058088
123058181
123058237
123058319
123058467
123059361
123059422
123059752
123059966
123060092
123060515
123060587
123061279
123061346
123061590
123066941
123068751
123068752
123068753
123068754
123110049
123111006
123111475
123111570
123111600
123112338
123112526
123117250
123117546
123118239
123119046
123119205
123119680
123119698
123119767
123120331
123120498
123120549
123120991
123126411
123126635
123127015
123127048
123127372
123127663
123128179
123129069
123129599
123135995
123136454
123136763
123137389
123137545
123137552
123137812
123137836
123137887
123138579
123138711
123139204
123139744
123139912
123140403
123140417
123140921
123147221
123147267
123147828
123148233
123148256
123148406
123148708
123149348
123149793
123149927
123150225
123156042
123158418
123158633
123159119
123159235
123175969
123176402
123181051
123181638
123181834
123182612
123188802
123190109
123190110
123190308
123192170
123192747
123192861
123199896
123211081
123216459
123216485
123239052
123244612
123245789
123255266
123255917
123262569
123263454
123272486
123273447
123280896
123281071
123281490
123282024
123283402
123283427
123289013
123289015
123289017
123289018
123289021
123311189
123312293
123312597
123313068
123313137
123313371
123313665
123313960
123318901
123318953
123319205
123319222
123319580
123319711
123321629
123321814
123322102
123322284
123322560
123323054
123323063
123329279
123329324
123329480
123330566
123331370
123331575
123331703
123331835
123332981
123333246
123333314
123339207
123339684
123339831
123340262
123340504
123340880
123341116
123341120
123341216
123342287
123342360
123342891
123343367
123349088
123349544
123349641
123350682
123351096
123351307
123352396
123352847
123358696
123358827
123358983
123359453
123360399
123360473
123360493
123360720
123361643
123361929
123362409
123362444
123362708
123362724
123362785
123363071
123363113
123369035
123369565
123370343
123371073
123371678
123389233
123449160
123449647
123451054
123451913
123452282
123452541
123452830
123453535
123453844
123454005
123454722
123455466
123455657
123461483
123461978
123462100
123462448
123462666
123462822
123463382
123463425
123463701
123463885
123463989
123464669
123464968
123465450
123465801
123471223
123471426
123472177
123472327
123472445
123473221
123475542
123481729
123481866
123482157
123482465
123483135
123483209
123483448
123483538
123483780
123483892
123484679
123485697
123491355
123491421
123491504
123492518
123492565
123492612
123492641
123493149
123493381
123494268
123494432
123494658
123495094
123495440
123495720
123501334
123501767
123501918
123502171
123502227
123502407
123503657
123504151
123504356
123505228
123505369
123511002
123511144
123511753
123512083
123512686
123514529
123514966
123520709
123521251
123522233
123532477
123538031
123538032
123554129
123555610
123555826
123556893
123557259
123557619
123557695
123558294
123558526
123558627
123558809
123559479
123559678
123559703
123559729
123559826
123565245
123565703
123565815
123565942
123567392
123567738
123568213
123568485
123568613
123569308
123569359
123569658
123569806
123576689
123577577
123577799
123578383
123578452
123578822
123578836
123578860
123579314
123584092
123584993
123585224
123585597
123586424
123586733
123587748
123587965
123588068
123593888
123594919
123595398
123595517
123595752
123596347
123603310
123603400
123603903
123603905
123603932
123604197
123604368
123604556
123604592
123604713
123605487
123606341
123606571
123606659
123612190
123612415
123613527
123615272
123615429
123616223
123621391
123621546
123621721
123621924
123622448
123628490
123628517
123628518
123628532
123629274
123629831
123630681
123630833
123631107
123637457
123637546
123637834
123638393
123639126
123639319
123639531
123639997
123641717
123642021
123647267
123647605
123647781
123648777
123650455
123651225
123656646
123656670
123656698
123656970
123657447
123658558
123658559
123658656
123658657
123658658
123659755
123659952
123659953
123659956
123660559
123660603
123660639
123666997
123667240
123668605
123669732
123675839
123676413
123677014
123677598
123677834
123678156
123678667
123678929
123687007
123688481
123689191
123689506
123689563
123697140
123697580
123697686
123699094
123699247
123699522
123700445
123705355
123705965
123705985
123706231
123706872
123708212
123708346
123709253
123715299
123718720
123718873
123725625
123725814
123726161
123726834
123727286
123734961
123736381
123736647
123736759
123736776
123737343
123737872
123738285
123738998
123739229
123745046
123746212
123746568
123746873
123747776
123748463
123748757
123749176
123754334
123754769
123755621
123756342
123756774
123757638
123758184
123764510
123765178
123765340
123766692
123767653
123767885
123768224
123768854
123774934
123775421
123777110
123777150
123778505
123778553
123784399
123784405
123784955
123786317
123786937
123788107
123788168
123793504
123793598
123793811
123794120
123794519
123794647
123795891
123796018
123796697
123797401
123797959
123798420
123803368
123805181
123806412
123806799
123807678
123807725
123808269
123814541
123818105
123823966
123825889
123826797
123827084
123827289
123827566
123844597
123845412
123863742
123980999
123981000
123991726
123991779
123991806
123991827
123991862
123993185
123993282
123993289
123994163
123994332
123995262
124000634
124002607
124002780
124002907
124011727
124012176
124012487
124013410
124013532
124021711
124021745
124033046
124034184
124035027
124041249
124041285
124041858
124043607
124043727
124044871
124045025
124050634
124050960
124051317
124053236
124053808
124061983
124062478
124062736
124070512
124071423
124071540
124071934
124072027
124073420
124073432
124075082
124080548
124080738
124082297
124083229
124084671
124090633
124092095
124093989
124100273
124100497
124100892
124101064
124101319
124103222
124103919
124104009
124104186
124104898
124110540
124112048
124112788
124113330
124113389
124121064
124121136
124122530
124123553
124124003
124124634
124124818
124132544
124132745
124132908
124133908
124134699
124140840
124140886
124141771
124144748
124150066
124150235
124150267
124150431
124151541
124151739
124152071
124152491
124152762
124153864
124160174
124160834
124161225
124161258
124161687
124161820
124161864
124162021
124162352
124163073
124163478
124170754
124171195
124171965
124172692
124172724
124173795
124180945
124181290
124181863
124182725
124183127
124183549
124183986
124190457
124191365
124192266
124199959
124200647
124200719
124202079
124202981
124210052
124211362
124211415
124213499
124220860
124221223
124223640
124224013
124231778
124233257
124239877
124240345
124240807
124241230
124241785
124242691
124243163
124249911
124250206
124250208
124252675
124252893
124254397
124261309
124261463
124262850
124264035
124264169
124264271
124270741
124270825
124271286
124272741
124279766
124281502
124281990
124282286
124282629
124282812
124284239
124289634
124289710
124290651
124291741
124293107
124293345
124293438
124299454
124301502
124303978
124309802
124310457
124310669
124310757
124310929
124313012
124320861
124329721
124339907
124339994
124352317
124363557
124363596
124363609
124363625
124363634
124370471
124370550
124378874
124379322
124379658
124381450
124381685
124381778
124382282
124382518
124383175
124388827
124388863
124389845
124390781
124390966
124391382
124392618
124393118
124398693
124400974
124401938
124408617
124410054
124412456
124418397
124419466
124419898
124421915
124429897
124432072
124433222
124441431
124443191
124449672
124460240
124460766
124462689
124462756
124468983
124469444
124472436
124478450
124479138
124489381
124490500
124499280
124499719
124501419
124501483
124501954
124509607
124520249
124520496
124521673
124522284
124529088
124529910
124530165
124531265
124531770
124539210
124541170
124541603
124548549
124551047
124551401
124551602
124553003
124558145
124559026
124559172
124561066
124562228
124568641
124568670
124569458
124570514
124571306
124571909
124571990
124579417
124580765
124581890
124582539
124588306
124588622
124589821
124591706
124598923
124602648
124602723
124608225
124609748
124610072
124610643
124611105
124612087
124612198
124612360
124613001
124613046
124619385
124620909
124622595
124622741
124622899
124628214
124631662
124631701
124631753
124631927
124631928
124638583
124638868
124639302
124640926
124640953
124641769
124641900
124648140
124648896
124649233
124649919
124651242
124700817
124700940
124700967
124702496
124703533
124705528
124706727
124706779
124707075
124712494
124712592
124712833
124713000
124714208
124715164
124715723
124852835
124903754
124903883
124911153
124911363
124911367
126091360
126096338
126109968
126125629
126125630
126135768
126150547
126151806
126152901
126173170
126173557
126173835
126177439
126178011
126178262
126178791
126179784
126180060
126180446
126208447
126218995
126219822
126220069
126220646
126221018
126223518
126223890
126224102
126225008
126225384
126225436
126225880
126227811
126231139
126231857
126234220
126234670
126238405
126239252
126239982
126240200
126240201
126240202
126241434
126241728
126246318
126248666
126249451
126250588
126253879
126254913
126255702
126256226
126261299
126263748
126323766
126324354
126326420
126329706
126333529
126334144
126334238
126339213
126339339
126339613
126339939
126341511
126342051
126343922
126345100
126346267
126346538
126347179
126349657
126352796
126353297
126357801
126358561
126358775
126359248
126360179
126364748
126366014
126373420
126375024
126376476
126377507
126378136
126379390
126379398
126379514
126379655
126379698
126380354
126381015
126381163
126383926
126384492
126384628
126384728
126385854
126386281
126387069
126387300
126387498
126388524
126388932
126389144
126389340
126389531
126391515
126391781
126391784
126392319
126394441
126396548
126396558
126396866
126397520
126398206
126398742
126399919
126400601
126402414
126403861
126407687
126407951
126408226
126413519
126413612
126415149
126417642
126417816
126418492
126418883
126420056
126422605
126424887
126424981
126425353
126425592
126426936
126428993
126431089
126435829
126437268
126437977
126440140
126441687
126442812
126443674
126443703
126444456
126444853
126536829
126542638
126556381
126557068
126559202
126561718
126562477
126566169
126566912
126571561
126572313
126573924
126574317
126574776
126577458
126578482
126581129
126582730
126583578
126587744
126588130
126589064
126590175
126590786
126595320
126596288
126596536
126598449
126598853
126600098
126602256
126602603
126609631
126610414
126621208
126626158
126630835
126638545
126643842
126658352
126658417
126663877
126668229
126668689
126678920
126678966
126699634
126748491
126759115
126759132
126760076
126760315
126763681
126764821
126765075
126765101
126773483
126774371
126774688
126777487
126778581
126779665
126782743
126782744
126787260
126787423
126791313
126792086
126793091
126796014
126797224
126798251
126801715
126805563
126810586
126810927
126811192
126815125
126819240
126819676
126820085
126826143
126826388
126826603
126829979
126830392
126839079
126839702
126839980
126840186
126840468
126843645
126844841
126848945
126849354
126852908
126853144
126853394
126872812
126876894
126877689
126877816
126881033
126885744
126885957
126886518
126890185
126891878
126897033
126905288
126906935
126916194
126917308
126925562
126926004
126935692
126938766
126938776
126945337
126945886
126951652
126959537
126961929
126965494
126968939
126972387
126972623
126972921
126974579
126975431
126976222
126976841
126977906
126980475
126980576
126982859
126985941
126987834
126988007
126991003
126991960
126992124
126995115
126995744
126997415
126998217
126999528
126999559
126999809
127001063
127001945
127004255
127005371
127005979
127007050
127007739
127008118
127011345
127011417
127012578
127012601
127013053
127013978
127014267
127016243
127018300
127018428
127019106
127020975
127021482
127021483
127022297
127022782
127023342
127025650
127025651
127025653
127025654
127025655
127025656
127027441
127027579
127028087
127028692
127029590
127030030
127030975
127033565
127033972
127035569
127037548
127041408
127041681
127042248
127042497
127042881
127044383
127046271
127048882
127049217
127050037
127053742
127055172
127055479
127055711
127057302
127058220
127058369
127058442
127059722
127060395
127060464
127060483
127061700
127061773
127061782
127062163
127062470
127062811
127063409
127063869
127063885
127063950
127064122
127064239
127064938
127064996
127065817
127065872
127066574
127066680
127142796
127172560
127183019
127183705
127184112
127203614
127203836
127209810
127217348
127223187
127223314
127236284
127259600
127260550
127261693
127263365
127263965
127264059
127265722
127266244
127268666
127273722
127312970
127313348
127316551
127318130
127321900
127323462
127323641
127324842
127325017
127327810
127401491
127404488
127404489
127404490
127404491
127404492
127404493
127404495
127404496
127404497
127404498
127404499
127404500
127404501
127405506
127799579
128741523
128753839
128935285
129119119
129191639
129212371
129231092
129243382
129299577
129301893
129317959
129326370
129368362
129512626
129599155
129619977
129782932
129782933
129782934
129782935
129782936
129782937
129782938
129941640
129949177
131955753
131961161
131973629
131985645
132017057
132134821
132134827
132134842
132134846
132355990
132375176
132375183
132375185
132430603
132562440
132589307
132592914
132627361
132628310
132631776
132632630
132718510
132967620
133496201
133514465
133645640
133704464
134076856
134082892
134083080
134094490
134101138
134102021
134104376
134113968
134123866
134130922
134142186
134150106
134151460
134151531
134161093
134162977
134164095
134171192
134179243
134189861
134191783
134192802
134202975
134210626
134213200
134213261
134222352
134229048
134240619
134241851
134242041
134249675
134259204
134262068
134287885
134290361
134308000
134311248
134311363
134317665
134318076
134327639
134339695
134340095
134341388
134342793
134350532
134351141
134351463
134352143
134370784
134370785
134379955
134387289
134398334
134405035
134417051
134426752
134460588
134460682
134460683
134466376
134466377
134466466
134466467
134466468
134468241
134468242
134468243
134468244
134468425
134468426
134469678
134469776
134469777
134469778
135121125
135123559
135125692
135125842
135129889
135130893
135132726
135138990
135141184
135146448
135149583
135149913
135152170
135156444
135156662
135160066
135164439
135166579
135167367
135169192
135169662
135170937
135171147
135173111
135174175
135174727
135176198
135177524
135179410
135189515
135193324
135193816
135197753
135199026
135199156
135199286
135199626
135201902
135206378
135206684
135211552
135213934
135214104
135214444
135214458
135215108
135215151
135215604
135215726
135216575
135216728
135216778
135217269
135218844
135350628
135350631
135406573
135406680
135408046
135414227
135415073
135426906
135426907
135426908
135426909
135431549
135431991
135432039
135432164
135432300
135432413
135432447
135432501
135436863
135443951
135444205
135444253
135444518
135444986
135445064
135445413
135445620
135447985
135450312
135451275
135456576
135457035
135457051
135457103
135457629
135457727
135457969
135458228
135458271
135463937
135473719
135473771
135474018
135475033
135478748
135479072
135479701
135479889
135480046
135480160
135481965
135483991
135484007
135491603
135494986
135495682
135505007
135534989
135536619
135537559
135537681
135537865
135542355
135542755
135605067
135605178
135606071
135607662
135607911
135608206
135949543
135968828
135973351
135981725
136034302
136039258
136047298
136166088
136169145
136249379
136322334
136340959
136347587
136587737
136587746
136587747
139006252
139042828
139717396
139761208
140481803
141619421
141619443
141623863
141623864
141623865
141623867
141623871
141641786
141641787
141641792
141641793
141641795
141641803
141641806
141641807
141641808
141641809
141641811
141672741
141695918
141718265
141723944
141736093
141737533
141748226
141749737
141750104
141766698
141766699
141766700
141779440
141779794
141780647
141781148
141781275
141781607
141781837
141785486
141798282
141799962
141800173
141801389
141812465
141812466
141820492
141820972
141821078
141822122
141843795
141843854
141844838
141845454
141846930
141848185
141850000
141853835
141853836
141854765
141856478
141857959
141862826
141863094
141863367
141863682
141864048
141864084
141864174
141864285
141864287
141895742
141895743
141895744
141897435
141897436
141922539
141922540
141937998
141937999
141941222
141941806
141943647
141945837
141946199
141946347
141946816
141948627
141949035
141973981
142016684
142017148
142032439
142038199
142046599
142047981
143928142
143938459
144674079
144859103
144859104
144859105
144869710
144869711
144869712
144869713
144869714
144869715
144869716
144869717
144869718
144869719
144869720
144869721
144869722
144869723
144869724
144869725
144869726
144869727
144885620
144885936
144885958
144896465
144896744
144899368
144910952
144912071
144917522
144936575
144943522
144949914
144956201
144956597
144976543
144977155
144977235
144977267
144977341
144978158
144978717
144980790
144981660
144981989
144982126
144982127
144982672
144982846
144983235
144984263
144984489
144984527
144985023
144985215
144985412
144986329
144986761
144986820
144987129
144987553
144988774
144989529
144990088
144990184
144990311
144990638
144990656
144990832
144991570
144992965
144993210
144993821
144993977
144994464
144994822
144995121
144995196
144995896
145012728
