92329469
92535802
92604290
92626961
92735271
92735316
92735465
92735565
92735577
92781077
92781507
92781723
92781751
92781756
92896289
93060091
93060093
93060096
93060099
93060101
93060102
93103140
93301312
93370634
93446131
93446133
93776780
93792923
93792924
93792926
93792927
93792928
93792929
93792930
93792932
93792935
93800298
93800302
93800303
93800304
93800305
93800306
93800309
104468059
107975576
108209160
108630870
109162210
109983781
110204979
110209967
110209968
110594943
113862056
113862954
116539677
116681667
116753308
117631844
117672416
117672418
119951654
119952426
119975585
119975668
122287061
122287065
122287096
122287122
122287124
122287143
122287152
122287173
122287191
122287201
122287208
122287234
122287249
122287268
122287292
122287304
122287321
122287384
122287391
122287396
122287433
122287435
122287436
122287438
122287445
122287451
122287462
122287476
122287477
122287499
122287523
122287561
122292967
122292971
122292981
122292990
122293000
122293001
122293014
122293020
122293041
122293051
122293053
122293055
122293056
122293058
122293059
122293062
122293081
122293083
122293216
122293217
122293218
122293219
122293220
122293221
122293222
122293223
122293224
122293225
122293226
122293227
122293228
122293229
122293230
122293231
122293232
122293233
122293234
122293235
122293236
122293237
122293238
122293239
122293240
122293241
122293242
122293243
122293244
122293245
122293246
122293247
122293248
122293249
122293250
122293251
122293406
122293415
122293675
122293689
122293697
122293702
122293713
122293714
122293717
122293743
122293744
122293749
122293761
122293764
122293774
122295793
122295801
122295804
122295819
122295826
122295842
122295847
122295849
122295866
122295870
122295884
122295885
122295892
122295903
122295978
122295979
122295980
122295981
122295982
122296059
122296128
122296129
122296130
122296131
122296132
122298647
122298648
122298653
122298657
122298666
122298674
122298675
122298684
122298710
122298713
122298717
122298718
122298722
122298726
122298727
122298728
122298731
122298748
122298767
122298783
122298785
122298786
122298788
122298789
122298802
122298805
122298808
122298817
122298821
122298828
122298829
122298833
122298835
122298858
122298860
122298868
122298874
122298880
122298884
122298885
122298901
122298903
122298914
122298917
122298927
122298940
122298957
122298958
122298971
122298973
122298979
122298989
122298990
122298993
122299003
122299018
122299020
122299027
122299028
122299030
122299038
122299039
122299042
122299053
122299055
122299056
122299065
122299074
122299075
122299082
122299083
122299086
122299090
122299095
122299103
122299110
122299133
122299142
122299147
122299148
122299149
122299157
122299169
122299170
122299174
122299176
122299198
122299214
122299226
122299231
122299236
122299251
122299281
122299320
122299335
122299343
122299346
122299348
122299352
122299353
122299360
122299363
122299370
122299371
122299372
122299380
122299381
122299382
122299386
122299400
122299401
122299404
122299405
122299408
122299420
122299443
122299444
122299445
122299449
122299454
122299466
122299469
122299475
122299488
122299503
122299508
122299513
122299517
122299518
122299519
122299527
122299550
122299552
122299567
122299568
122299570
122299571
122299573
122299574
122299575
122299576
122299577
122299578
122299579
122299580
122299581
122299582
122299583
122299584
122299587
122299591
122299597
122299605
122299608
122299611
122299613
122299615
122299617
122299645
122299662
122299671
122299672
122299689
122299695
122299696
122299697
122299699
122299700
122299706
122299717
122299718
122299725
122299730
122299732
122299737
122299758
122299759
122299762
122299766
122299779
122299788
122299793
122299796
122299804
122299808
122299810
122299813
122299819
122299822
122299823
122299829
122299841
122299848
122299856
122299858
122299864
122299866
122299875
122299879
122299885
122299886
122299902
122299905
122299920
122299929
122305299
122305303
122305306
122305308
122305311
122305312
122305331
122305332
122305393
122308524
122310899
122315032
122315033
122315034
122315035
122315036
122315037
122315038
122315039
122315040
122315041
122315042
122315043
122315044
122315045
122315046
122315047
122315048
122315050
122315051
122315052
122315053
122315054
122315055
122315056
122315057
122315058
122315059
122315060
122315061
122315062
122315063
122315064
122315065
122315066
122315067
122315068
122315069
122315070
122315071
122315072
122315073
122315074
122315075
122315076
122315077
122315078
122315079
122315080
122315081
122315082
122315084
122315086
122315087
122315088
122315089
122315090
122315091
122315092
122315093
122315094
122315095
122315096
122315097
122315098
122315099
122315100
122315101
122315102
122315103
122315104
122315105
122315106
122315107
122315108
122315109
122315110
122315111
122315112
122315113
122315114
122315115
122315116
122315117
122315118
122315122
122315123
122315124
122315125
122315126
122315127
122315128
122315129
122315130
122315131
122315132
122315133
122315134
122315135
122315136
122315140
122315141
122315142
122315143
122315144
122315145
122315146
122315147
122315148
122315149
122315150
122315151
122315152
122315153
122315154
122315155
122315156
122315157
122315158
122315159
122315160
122315161
122315162
122315163
122315164
122315165
122315166
122315167
122315168
122315169
122315170
122315171
122315172
122315173
122315174
122315175
122315176
122315177
122315178
122315179
122315180
122315181
122315182
122315183
122315184
122315185
122315186
122315187
122315188
122315189
122315190
122315191
122315192
122315193
122315194
122315195
122315196
122315197
122315198
122315199
122315200
122315201
122315202
122315203
122315204
122315205
122315206
122315207
122315208
122315209
122315210
122315211
122315212
122315213
122315214
122315215
122315216
122315217
122315218
122315219
122315220
122315221
122315222
122315223
122315224
122315225
122315226
122315227
122315228
122315229
122315230
122315231
122315232
122315233
122315234
122315235
122315236
122315237
122315238
122315239
122315240
122315241
122315242
122315243
122315244
122315245
122315246
122315247
122315248
122315249
122315250
122315251
122315252
122315253
122315254
122315255
122315256
122315257
122315258
122315260
122315261
122315262
122315264
122315265
122315266
122315267
122315268
122315269
122315270
122315271
122315273
122315274
122315275
122315276
122315277
122315278
122315279
122315280
122315281
122315282
122315283
122315284
122315285
122315286
122315287
122315288
122315289
122315290
122315291
122315292
122315293
122315294
122315295
122315296
122315297
122315298
122315299
122315300
122315301
122315302
122315303
122315304
122315305
122315306
122315307
122315308
122315309
122315310
122315311
122315312
122315313
122315314
122315315
122315316
122315317
122315318
122315319
122315320
122315321
122315322
122315323
122315324
122315325
122315326
122315327
122315328
122315329
122315330
122315331
122315332
122315333
122315334
122315335
122315336
122315338
122315339
122315340
122315341
122315342
122315343
122315344
122315345
122315346
122315347
122315351
122315357
122315358
122315359
122315360
122315361
122315362
122315363
122315365
122315366
122315367
122315368
122315369
122315370
122315371
122315372
122315373
122315374
122315375
122315376
122315377
122315378
122315379
122315380
122315381
122315382
122315383
122315384
122315385
122315386
122315387
122315388
122315389
122315390
122322578
122322581
122322582
122322585
122322589
122325396
122325464
122325470
122325473
122325479
122325481
122325487
122325493
122325498
122325524
122325539
122325545
122325556
122325611
122325625
122325704
122325726
122325750
122325958
122325959
122325974
122326011
122326012
122326015
122326019
122326023
122326024
122326025
122326042
122326044
122326054
122326069
122326074
122326075
122326076
122326078
122326079
122326090
122326100
122326104
122326113
122326114
122326116
122326121
122326128
122326130
122326131
122326134
122326136
122326137
122326141
122326146
122326149
122326153
122326160
122326166
122326167
122326168
122326178
122326187
122326203
122326206
122326207
122326210
122326216
122326218
122326225
122326229
122326231
122326236
122326256
122326263
122326272
122326274
122326301
122326302
122326304
122326306
122326314
122326318
122326319
122326322
122326325
122326326
122326327
122326332
122326333
122326335
122326342
122326348
122326355
122326359
122326360
122326363
122326367
122326397
122326405
122326406
122326424
122326429
122326433
122326440
122326441
122326444
122326445
122326449
122326452
122326456
122326458
122326460
122326461
122326462
122326467
122326480
122326483
122326490
122326491
122326494
122326496
122328846
122328853
122328864
122328871
122328872
122328873
122328879
122328883
122328885
122328886
122328887
122328892
122328893
122328902
122328906
122328913
122328914
122328925
122328926
122328930
122328935
122328937
122328942
122328951
122328952
122328957
122328959
122328965
122328968
122328975
122328978
122328982
122328993
122328995
122328997
122329007
122329008
122329010
122329013
122329015
122329017
122329025
122329030
122329033
122329035
122329036
122329044
122329050
122329054
122329056
122329057
122329059
122329063
122329064
122329067
122329068
122329074
122329085
122329090
122329097
122329098
122329100
122329110
122329114
122329122
122329128
122329130
122329133
122329138
122329148
122329150
122329152
122329155
122329163
122329167
122329172
122329173
122329175
122329180
122329181
122329186
122329190
122329192
122329193
122329196
122329205
122329210
122329216
122329218
122329221
122329228
122329234
122329248
122329249
122329254
122329255
122329257
122329261
122329263
122329267
122329271
122329273
122329281
122329556
122329564
122329565
122329570
122329572
122329576
122329584
122329587
122329590
122329593
122329599
122329608
122329613
122329615
122329620
122329621
122329622
122329623
122331134
122331160
122331164
122331171
122331173
122331180
122331183
122331189
122331196
122331217
122331218
122331219
122331223
122331238
122331243
122331245
122331246
122331251
122331253
122331257
122331270
122331271
122331274
122331289
122331292
122331295
122331297
122331309
122331311
122331312
122331314
122331326
122331330
122331336
122331337
122331343
122331344
122331345
122331351
122331352
122331361
122331362
122331375
122331382
122331384
122331385
122331386
122331396
122331403
122331409
122331416
122331417
122331422
122331425
122331430
122331431
122331434
122331436
122331444
122331449
122331489
122351250
122351258
122351354
122351375
122351424
122351627
122363778
122363781
122363784
122364243
122364246
122364247
122364248
122364250
122364253
122364255
122364259
122364262
122364268
122364270
122364287
122364296
122364313
122364316
122364317
122364322
122364336
122364341
122364349
122364355
122364357
122364361
122364380
122364394
122364395
122364420
122364433
122364439
122364461
122364463
122364467
122364469
122364484
122364486
122364495
122364497
122364500
122364502
122364524
122364540
122364543
122364567
122364568
122364573
122364591
122364599
122364600
122364611
122364615
122364648
122364653
122364671
122364675
122364676
122364679
122364687
122364692
122364696
122364712
122364724
122364729
122364730
122364739
122364747
122364768
122364770
122364784
122364791
122364828
122364834
122364835
122364844
122364846
122364857
122364859
122364868
122364870
122364878
122364897
122364899
122364906
122364924
122364931
122364943
122364949
122364954
122364955
122364960
122364978
122364981
122364983
122364984
122364994
122364999
122365011
122365014
122365017
122365023
122365029
122365033
122365038
122365057
122365058
122365059
122365064
122365066
122365068
122365089
122365091
122365094
122365104
122365125
122365130
122365137
122365139
122365147
122365148
122365151
122365156
122365190
122365201
122365249
122365251
122365261
122365262
122365264
122365266
122367157
122367370
122367503
122367629
122368123
122368165
122368351
122368434
122368456
122368501
122368576
122368681
122380158
122380165
122380167
122380170
122380183
122388586
122388678
122388751
122388753
122388754
122393987
122393988
122393993
122393996
122393997
122394002
122394004
122394010
122394011
122394012
122394014
122394016
122394017
122394018
122394019
122394020
122394022
122394025
122394031
122394033
122394036
122394038
122394042
122394043
122394044
122394046
122394048
122394050
122394054
122394055
122394057
122394058
122394060
122394063
122394069
122394071
122394073
122394076
122394082
122394083
122394084
122394086
122394087
122394090
122394093
122394097
122394100
122394101
122394102
122394103
122394106
122394107
122394108
122394112
122394113
122394117
122394121
122394122
122394123
122394131
122394136
122394140
122394142
122394143
122394147
122394149
122394150
122394153
122394162
122394170
122394171
122394172
122394177
122394193
122394197
122394206
122394214
122394218
122394221
122394226
122394228
122394230
122394231
122394233
122394236
122394238
122394239
122394241
122394244
122394247
122394250
122394251
122394253
122394257
122394266
122394270
122394272
122394273
122394274
122394275
122394277
122394280
122394282
122394285
122394290
122394292
122394299
122394300
122394302
122394305
122394307
122394310
122394312
122394313
122394315
122394319
122394320
122394321
122394322
122394325
122394328
122394331
122394333
122394335
122394338
122394340
122394342
122394351
122394354
122394355
122394358
122394359
122394360
122394361
122394363
122394364
122394365
122394368
122394371
122394372
122394373
122394374
122394375
122394380
122394385
122394386
122394387
122394389
122394390
122394391
122394395
122394397
122394401
122394407
122394414
122394415
122394418
122394420
122394421
122394429
122394430
122394432
122394439
122394440
122394445
122394446
122394449
122394450
122394451
122394467
122394468
122394470
122394471
122394477
122394478
122394479
122394483
122394487
122394489
122394491
122394496
122394497
122394498
122394499
122394500
122394636
122394667
122394673
122394679
122394689
122394707
122394765
122394773
122394788
122394803
122396776
122399495
122401371
122403786
122411671
122415621
122419170
122428993
122428994
122428995
122428996
122428997
122428999
122429001
122429002
122429004
122429008
122429011
122429013
122429015
122429019
122429022
122429026
122429028
122429029
122429054
122429055
122429064
122429070
122429075
122429078
122429079
122429080
122429081
122429083
122429093
122429094
122429095
122429096
122429097
122429103
122429108
122429109
122429111
122429118
122435161
122435162
122435164
122435569
122435576
122435577
122453029
122453030
122468266
122471737
122471783
122476595
122476597
122476770
122477007
122478200
122479854
122486331
122486630
122486742
122486798
122495179
122495180
122510720
122517009
122518064
122518065
122518066
122527280
122538713
122538714
122538715
122538717
122538719
122538725
122556443
122556444
122558256
122558807
122561769
122561796
122561797
122561798
122561799
122566153
122566313
122566315
122566319
122566406
122566414
122566521
122601544
122609895
122609896
122609897
122609949
122609953
122609962
122609978
122609982
122609993
122609995
122610001
122610010
122610014
122610016
122610023
122610025
122610029
122610034
122610045
122610085
122610120
122610134
122610164
122610177
122610192
122610194
122610198
122610199
122610212
122610214
122610230
122610234
122610235
122610239
122610252
122610258
122610259
122610260
122610264
122610272
122610277
122610278
122610293
122610294
122610297
122610304
122610305
122610321
122610325
122610326
122610330
122610338
122610344
122610350
122610352
122623777
122623783
122623788
122623791
122623815
122623816
122623817
122623819
122623820
122623823
122623825
122623827
122623828
122623830
122623833
122623836
122623837
122623839
122623841
122623843
122623844
122623846
122623847
122623851
122623855
122623857
122623862
122623865
122623869
122623870
122623871
122623876
122623877
122623878
122624040
122624065
122624117
122624123
122624143
122624144
122624156
122624167
122624171
122624191
122624200
122624382
122624388
122624391
122624393
122624401
122624404
122624417
122624418
122624420
122624421
122624424
122624425
122624454
122624463
122624466
122624469
122624472
122628163
122628164
122628165
122628182
122628194
122628195
122628196
122628201
122628206
122628220
122628221
122628222
122628223
122628227
122628229
122628231
122628232
122628233
122628239
122628241
122628244
122628246
122628247
122628248
122628249
122628251
122628252
122628254
122628258
122628259
122628260
122628261
122628346
122628350
122628361
122628365
122628369
122628371
122628381
122628394
122632684
122632685
122632686
122632687
122632691
122632699
122632700
122632706
122632708
122632711
122632712
122632713
122632717
122632718
122632733
122632738
122632756
122632757
122632786
122632788
122632791
122632793
122632795
122632796
122632798
122632800
122632801
122632804
122632813
122632817
122632821
122632823
122632827
122632832
122632837
122632842
122632873
122632885
122632887
122632888
122632917
122632920
122632924
122632942
122632959
122632973
122632986
122632993
122633003
122633008
122633036
122633062
122633067
122633071
122633085
122633112
122633118
122633136
122633146
122633171
122633173
122633183
122633187
122633193
122633205
122633207
122633222
122633226
122633237
122633240
122633247
122633249
122633267
122633270
122633280
122633303
122633310
122633314
122633316
122633319
122633320
122633321
122633322
122633325
122633327
122633328
122633331
122633332
122633335
122633337
122633345
122633348
122633363
122633365
122633366
122633369
122633370
122633377
122633379
122633384
122633387
122633391
122633395
122633398
122633403
122633405
122633406
122633407
122633411
122633413
122633415
122633419
122633421
122633432
122633435
122633445
122633449
122633451
122633452
122633453
122633455
122633458
122633462
122633463
122633470
122633475
122633479
122633483
122633488
122633489
122633501
122633508
122633509
122633512
122633514
122633519
122633522
122633526
122633527
122633530
122633536
122633543
122633545
122633546
122633552
122633553
122633555
122633558
122633563
122633564
122633565
122633570
122633571
122633573
122633574
122633580
122633581
122633588
122633596
122633597
122633608
122633617
122633618
122633621
122633626
122633632
122633633
122633634
122633638
122633643
122633644
122633649
122633650
122633652
122633654
122633657
122633659
122633661
122633663
122633665
122633669
122633671
122633674
122633679
122633680
122633683
122633684
122633686
122633687
122633688
122633691
122633692
122633694
122646964
122646967
122646968
122646972
122661927
122663979
122699767
122699776
122699876
122700529
122702717
122703821
122704218
122704333
122704790
122705410
122706136
122714259
122714274
122714279
122714306
122714332
122714337
122714352
122714438
122714447
122714473
122714500
122714501
122714506
122714510
122714547
122714549
122714555
122714576
122714580
122714581
122714588
122714596
122714612
122714632
122714657
122714660
122714661
122714668
122714700
122714706
122714714
122714727
122714730
122714783
122715106
122715112
122715118
122715132
122715147
122715161
122715174
122715180
122715191
122715197
122715233
122715234
122715237
122715250
122715283
122715291
122715295
122715318
122715339
122715340
122715351
122715364
122715365
122715390
122715404
122715428
122715450
122715461
122715482
122715498
122715523
122726117
122726118
122726122
122726123
122726128
122726133
122726135
122726143
122726145
122726151
122726155
122726158
122726159
122726166
122726167
122726169
122726171
122726173
122726174
122726180
122726195
122726197
122726206
122726207
122726209
122726211
122726225
122726226
122726227
122726235
122726240
122726241
122726246
122726252
122726261
122726263
122726274
122726280
122726283
122726288
122726292
122726293
122726294
122726296
122726299
122726304
122726312
122726317
122726318
122726323
122726326
122726328
122726329
122726339
122726346
122726347
122726348
122726349
122726350
122726352
122726353
122726364
122726365
122726367
122726368
122726369
122726371
122726381
122726386
122726387
122726390
122726398
122726399
122726401
122726403
122726404
122726407
122726417
122726423
122726426
122726427
122726430
122726431
122726432
122726437
122726438
122726439
122726441
122726442
122726444
122726447
122726451
122726453
122726456
122726461
122726463
122726468
122726470
122726473
122726475
122726476
122726478
122726489
122726494
122726497
122726499
122726506
122726510
122726511
122726513
122726517
122726522
122726523
122726532
122726534
122726540
122726549
122726552
122726556
122726557
122726562
122726563
122726566
122726571
122726575
122726579
122726580
122726588
122726591
122726598
122726600
122726605
122726608
122726610
122726612
122726613
122726615
122726620
122726627
122726628
122726631
122726633
122726635
122726637
122726641
122726650
122726654
122726655
122726656
122726667
122726672
122726675
122726681
122726683
122726685
122726695
122726698
122726699
122726704
122726711
122726712
122726713
122726719
122726720
122726721
122726727
122726732
122726736
122726737
122726739
122726740
122726741
122726744
122726750
122726751
122726757
122726761
122726764
122726768
122726769
122726771
122726773
122726778
122726779
122726782
122726788
122726789
122726798
122726801
122726804
122726808
122726810
122726814
122726820
122726824
122726829
122726836
122726839
122726841
122726842
122726844
122726851
122726853
122726855
122726857
122726858
122726860
122726861
122726864
122726874
122726876
122726879
122726887
122726889
122726890
122726892
122726894
122726896
122726898
122726904
122726906
122726909
122726911
122726913
122726919
122726924
122726928
122726929
122726930
122726931
122726937
122726939
122726942
122726943
122726947
122726949
122726950
122726954
122726958
122726961
122726962
122726964
122726966
122726969
122726970
122726971
122726973
122726974
122726977
122726979
122726980
122726990
122726992
122726994
122726995
122727006
122727010
122727012
122727023
122727027
122727028
122727030
122727037
122727042
122727047
122727058
122727059
122727060
122727062
122727064
122727065
122727071
122727075
122727078
122727079
122727081
122727084
122727090
122727092
122727093
122727096
122727100
122727104
122727106
122727109
122727111
122727115
122727121
122727127
122727128
122727129
122727130
122727131
122727132
122727137
122727144
122727145
122727152
122727155
122727158
122727159
122727165
122727172
122727174
122727176
122727177
122727183
122727184
122727189
122727191
122727196
122727197
122727201
122727205
122727206
122727211
122727214
122727220
122727221
122727223
122727227
122727229
122727232
122727233
122727237
122727238
122727240
122727241
122727250
122727251
122727253
122727254
122727255
122727263
122727265
122727275
122727278
122727279
122727281
122727283
122727284
122727285
122727288
122727290
122727299
122727302
122727310
122727317
122727319
122727322
122727330
122727339
122727340
122727344
122727346
122727351
122727352
122727354
122727355
122727358
122727359
122727364
122727368
122727372
122727377
122727382
122727384
122727386
122727387
122727398
122727399
122727401
122727406
122727409
122727413
122727417
122727418
122727419
122727420
122727428
122727431
122727434
122727435
122727441
122727443
122727446
122727447
122728974
122728979
122728980
122728983
122728987
122728991
122728994
122728995
122728996
122728998
122728999
122729000
122729001
122729003
122729011
122729012
122729013
122729022
122729023
122729024
122729026
122729134
122729183
122729257
122729264
122794894
122794914
122794925
122794959
122794978
122794994
122795099
122795185
122795199
122795206
122795258
122795544
122795798
122795839
122796084
122796195
122796297
122796377
122796410
122797397
122797443
122797506
122797747
122797796
122797811
122797917
122819743
122821909
122822074
122822227
122822433
122822906
122823195
122827733
122827967
122827998
122828067
122828149
122829001
122830527
122830678
122831101
122831110
122831143
122832193
122832263
122838535
122838671
122838978
122839850
122839907
122839941
122840940
122841275
122841691
122856919
122856920
122856921
122856922
122856923
122856931
122856933
122856942
122856945
122856947
122856948
122856951
122856953
122856956
122856960
122856962
122856963
122856964
122856973
122856978
122856979
122856983
122856984
122856987
122856989
122856992
122856997
122857004
122857005
122857006
122857008
122857010
122857013
122857015
122857021
122857024
122857025
122857029
122857031
122857035
122857037
122857038
122857043
122857046
122857047
122857049
122857050
122857054
122857058
122857060
122857064
122857065
122857068
122857070
122857076
122857080
122857081
122857082
122857084
122857085
122857086
122857087
122857093
122857094
122857096
122857100
122857102
122857103
122857105
122857109
122857111
122857114
122857115
122857118
122857123
122857124
122857137
122857140
122857141
122857142
122857143
122857144
122857145
122857146
122857149
122857151
122857153
122857157
122857159
122857162
122857164
122857168
122857169
122857174
122857177
122857179
122857182
122857188
122857194
122857196
122857198
122857199
122857200
122857202
122857206
122857209
122857210
122857213
122857214
122857215
122857216
122857223
122857228
122857230
122857233
122857236
122857238
122857241
122857244
122857245
122857246
122857256
122857257
122857258
122857260
122857261
122857842
122857844
122857849
122857855
122857856
122857859
122857864
122857865
122857868
122857869
122857872
122857873
122857875
122857876
122857882
122857890
122857891
122857894
122857895
122857902
122857904
122857905
122857912
122857914
122857920
122857923
122857924
122857926
122857938
122857939
122857941
122857945
122857946
122857954
122857955
122857958
122857959
122857960
122857962
122857965
122857966
122857971
122857972
122857976
122857977
122857980
122857986
122857992
122857993
122857998
122858000
122858003
122858007
122858011
122858012
122858015
122858017
122858018
122858025
122858029
122858031
122858035
122858036
122858037
122858039
122858041
122858044
122858051
122858053
122858054
122858055
122858060
122858064
122858070
122858073
122858075
122858081
122858083
122858084
122858087
122858088
122858089
122858091
122858093
122858094
122858095
122858100
122858101
122858102
122858115
122858120
122858121
122858130
122858131
122858134
122858135
122858140
122858141
122858143
122858146
122858148
122858152
122858154
122858155
122858156
122858157
122858158
122858161
122858163
122858165
122858167
122858171
122858173
122858174
122858175
122858176
122858177
122858181
122858185
122858186
122858189
122858193
122858202
122858203
122858207
122858216
122858217
122858220
122858223
122858226
122858227
122858229
122858231
122858236
122858241
122858251
122858253
122858260
122858262
122858264
122858267
122858268
122858272
122858273
122858275
122858276
122858279
122861768
122873029
122873114
122874065
122877541
122878112
122878176
122878259
122878998
122880009
122881056
122881093
122886159
122886701
122886791
122887623
122888582
122889377
122896403
122896804
122897058
122897333
122897954
122898031
122898233
122898272
122898890
122899213
122899653
122900017
122906206
122906630
122907274
122907934
122908563
122909992
122915785
122917200
122918093
122919404
122919630
122920031
122924887
122925049
122925109
122925827
122938889
122938944
122939031
122957362
122967252
122967726
122999959
122999962
122999964
122999966
122999967
122999969
122999971
122999972
122999973
122999975
122999976
122999977
122999980
122999981
122999983
122999985
122999986
122999987
122999988
122999989
122999990
122999991
122999992
122999993
122999995
122999996
122999997
122999998
122999999
123000001
123000002
123000003
123000004
123000005
123000006
123000007
123000008
123000009
123000010
123000011
123000012
123016235
123016243
123016244
123016247
123016250
123016253
123016263
123016265
123016270
123016271
123016277
123016278
123016280
123016282
123016287
123016298
123016304
123016306
123016307
123016309
123016315
123016319
123016321
123016322
123016326
123016332
123016334
123016335
123016336
123016339
123016340
123016341
123016349
123016369
123016373
123016378
123016389
123016392
123016393
123016399
123016400
123016401
123016407
123016408
123016417
123016418
123016422
123016430
123016433
123016434
123016451
123016459
123016466
123016470
123016471
123016473
123016476
123016482
123016483
123016485
123016489
123016492
123016493
123016497
123016503
123016510
123016517
123016522
123016530
123016532
123016539
123016542
123016550
123016859
123016882
123017027
123017038
123017071
123017092
123017118
123017120
123017126
123017203
123017234
123017242
123017276
123017291
123017393
123017417
123017464
123017466
123017551
123017916
123029751
123030121
123031233
123031651
123032010
123032146
123032362
123032442
123032946
123039119
123039486
123041500
123041714
123047085
123047240
123048525
123048738
123048956
123049631
123050105
123050216
123050927
123056937
123057331
123057773
123060246
123061021
123061733
123067274
123067435
123067597
123067770
123110120
123110726
123111888
123112080
123112359
123116122
123117032
123117084
123117865
123118828
123120000
123120921
123127239
123127627
123127740
123128140
123128145
123136805
123136846
123136912
123137268
123137680
123139398
123139715
123139845
123145896
123146627
123147105
123147296
123148030
123148329
123148711
123150297
123156534
123156748
123157052
123157327
123157368
123157601
123158832
123183802
123192070
123208846
123228661
123229168
123230247
123230571
123236351
123239606
123245041
123245214
123252195
123256425
123283206
123288943
123288944
123288957
123288961
123288964
123288987
123288989
123288991
123288992
123288994
123288995
123288996
123288999
123289000
123289001
123289002
123289004
123289006
123289364
123312017
123313716
123313915
123313996
123314204
123314438
123314838
123318855
123319189
123319404
123320259
123320538
123320733
123321202
123321506
123321689
123331132
123331188
123331687
123332072
123333296
123340742
123341474
123341496
123341726
123342513
123342566
123350560
123350623
123351233
123351272
123351576
123352333
123352969
123358954
123359219
123359404
123361363
123362211
123362319
123362609
123363427
123368626
123371330
123378615
123379385
123395767
123396030
123433692
123447523
123447945
123449271
123449521
123451230
123451460
123451779
123452178
123452419
123452542
123453469
123461944
123462941
123463546
123463779
123471676
123472776
123472790
123472795
123473649
123473974
123474286
123474839
123474913
123475027
123475089
123475099
123480818
123481191
123481443
123481770
123482123
123482228
123482538
123482730
123483198
123483491
123483529
123491785
123492205
123492713
123493392
123493656
123493933
123494514
123495277
123501180
123501236
123501942
123503573
123503802
123504057
123504551
123504714
123511315
123512516
123513234
123513371
123514039
123515032
123523296
123523734
123523803
123534343
123534501
123538211
123553749
123555811
123568325
123586331
123588006
123588148
123595323
123598132
123603572
123605076
123605534
123606324
123615326
123623292
123624946
123625143
123625511
123628388
123629934
123637739
123641718
123647776
123648555
123656906
123666957
123668782
123676118
123706038
123725802
123726413
123728119
123767084
123773831
123776491
123776738
123777192
123785201
123796181
123805424
123818154
123919367
123931197
123955467
123973218
123973253
123973959
123974075
123976321
123976476
123976656
123976657
123981199
123982147
123982514
123983734
123984387
123984454
123984574
123985324
123985339
123991137
123991177
123991866
123991882
123991948
123993201
123993280
123993865
124001120
124001369
124003812
124011439
124012266
124013773
124014288
124021481
124024402
124031710
124040490
124051835
124051953
124053019
124053960
124061075
124064401
124084275
124091403
124095058
124100860
124102233
124112423
124113868
124124811
124132998
124133671
124140616
124152794
124161348
124162868
124164049
124180338
124183750
124183865
124193134
124201207
124202618
124211896
124213473
124213751
124214575
124214589
124223121
124231735
124233555
124242005
124244300
124249645
124250319
124252543
124259996
124261234
124261485
124270689
124273027
124273515
124282433
124301080
124301570
124310319
124310507
124329426
124329933
124330656
124332292
124332400
124341197
124342188
124351086
124351703
124352644
124353056
124353058
124353059
124353060
124353061
124353062
124353385
124359698
124360559
124360600
124360601
124361824
124361922
124362176
124362221
124362228
124362548
124362725
124363252
124368587
124369673
124372427
124378840
124379407
124380853
124380885
124381397
124381470
124382051
124382294
124390729
124391363
124393245
124410335
124410491
124411345
124418583
124421628
124423198
124441809
124459146
124470432
124492044
124493030
124502545
124509591
124511783
124521110
124538683
124550152
124551299
124551564
124551575
124552098
124552510
124561629
124569771
124573067
124589237
124592916
124609364
124611277
124619674
124621553
124628232
124639968
124642033
124698182
124698482
124698483
124701108
124702750
124703008
124705346
124706744
124707017
124712394
124712591
124712685
124712881
124714646
124715729
124801528
124840046
124840080
124840568
124840857
124842670
124842848
124844076
124844115
124861284
124863506
124863507
124863508
124863674
124863675
124864096
124864711
124870559
124873412
124873561
124875006
124881098
124881112
124903790
124903893
124903916
124910224
124910235
124923398
124924278
124924486
124930229
126014321
126024378
126047382
126050336
126050998
126051024
126051130
126051309
126055310
126055386
126056240
126056327
126096132
126100449
126100456
126100463
126100491
126100603
126105532
126129804
126129819
126129872
126129945
126129956
126174768
126219381
126224231
126225156
126227708
126231287
126235195
126241200
126257642
126349680
126350980
126352024
126353199
126353411
126382939
126391082
126402499
126405939
126412313
126412380
126414417
126419331
126419976
126424776
126426111
126430856
126431541
126445245
126445602
126465915
126556678
126578840
126587488
126591673
126592977
126596894
126606851
126621379
126648741
126663612
126668963
126757796
126764439
126765089
126788152
126791713
126792020
126792562
126792944
126820740
126821073
126826434
126830476
126839330
126843287
126863442
126905949
126911164
126972628
126972890
126973248
126976944
126979246
126979442
126981482
126982665
126982873
126986270
126987663
126991678
126992162
126993909
126995335
127000922
127002416
127005163
127005902
127007936
127008278
127010195
127011296
127017165
127017973
127017975
127019112
127040760
127044205
127044573
127054310
127055346
127057339
127057940
127059705
127060389
127064008
127065256
127066502
127110708
127110776
127110854
127110984
127115778
127116049
127120298
127120359
127120390
127120488
127120637
127120659
127143251
127143351
127146850
127167391
127167507
127172638
127174013
127174665
127174808
127175484
127175817
127178374
127178389
127178426
127178460
127178517
127178525
127178549
127178560
127178579
127178581
127178649
127201227
127201427
127201440
127219155
127223804
127234425
127234592
127235076
127241260
127254009
127266096
127310877
127314085
127314349
127321558
127322102
127322335
127323656
127399526
127404051
127406616
127406617
127406618
127406619
127406620
127408461
127429799
127452906
127512349
128340942
128340982
128341074
128353833
128354001
128354275
128354337
128357155
128388408
128634673
128635092
128652753
128652758
128652921
128664947
128682364
128981238
129096701
129096743
129096766
129106700
129106733
129106820
129106895
129106901
129106906
129106941
129106967
129113085
129113102
129113105
129113117
129113338
129113363
129113396
129113560
129115757
129115760
129115761
129115820
129115826
129115843
129115854
129118370
129118476
129118527
129118566
129118581
129118596
129118652
129118668
129118774
129118798
129118800
129118813
129118814
129118838
129118844
129118850
129118863
129118904
129118907
129118915
129118941
129118958
129118972
129118975
129118978
129125087
129137738
129137740
129137741
129137742
129137745
129149018
129149232
129149980
129150903
129152526
129158020
129158242
129158244
129158279
129183764
129184022
129184333
129184377
129184498
129184613
129184678
129184842
129184975
129193136
129194971
129195404
129201484
129201504
129201519
129201577
129201595
129201626
129201635
129201640
129201642
129201646
129201654
129201662
129201689
129201704
129201705
129201709
129201723
129201734
129201748
129208678
129209442
129210836
129213871
129214026
129214405
129214538
129233319
129233322
129233323
129236717
129236869
129237187
129302197
129317936
129325544
129326581
129353453
129353653
129353681
129354725
129370531
129502036
129502683
129503123
129503222
129504504
129507645
129512404
129669320
129669812
129671823
129671833
129673704
129673883
129674149
129679259
129698137
129698198
129698373
129701593
129754545
129946996
129949111
129949163
129950829
129950831
129950909
129951252
129951258
129951260
129951261
129951267
129951269
129951273
129951276
129951278
129951281
129951284
129951287
129951291
129951297
129951301
129951305
129951306
129951307
129951310
129951314
129951315
129951325
129951327
129951343
129953060
129953414
130250666
130255131
130255377
130313400
130324648
130365469
130737750
130739969
130795657
131538258
131553642
131576778
131632263
131674344
131679524
131680061
131680501
131680894
131680948
131681277
131682091
131682723
131687124
131687309
131688612
131688672
131689172
131690825
131691248
131694369
131695144
131695386
131695900
131698560
131698693
131698897
131702813
131879790
131886698
131888672
131888748
131888817
131889043
131889065
131889066
131889067
131906756
131933678
131934959
131934979
131935383
131935458
131938844
131942328
131942915
131943227
131944811
131945061
131945161
131945198
131945357
131945452
131956870
131958543
131973508
131973981
131985612
131985637
131985793
131985863
132007174
132007236
132007302
132007727
132008137
132008156
132008216
132008400
132009228
132009468
132009767
132009843
132010031
132010061
132010229
132010851
132011990
132012084
132012290
132012463
132012502
132012582
132012585
132012690
132012816
132014461
132014469
132015042
132015727
132015877
132016117
132016194
132017339
132017641
132018236
132018653
132019350
132019441
132020778
132021170
132021482
132021815
132022030
132022157
132022370
132022602
132023259
132023526
132024257
132025346
132025364
132025511
132025519
132027402
132140029
132145715
132149407
132149493
132167256
132167301
132167436
132169995
132170232
132170334
132193815
132365509
132374980
132389579
132389727
132395567
132458841
132468402
132503065
132704373
132704375
132704376
132704377
132704378
132704407
132704408
132704409
132704410
132704411
132704412
132704413
132704414
132704415
132704417
132704434
132967068
133118913
133404767
133404768
133404776
133404777
133404779
133404780
133404783
133404786
133404787
133404791
133404793
133404811
133404816
133404817
133404818
133404819
133404822
133404830
133404831
133404835
133404848
133404850
133404851
133404852
133404853
133404855
133404860
133404861
133404867
133404889
133404900
133404913
133404915
133404916
133404920
133404926
133404928
133404932
133404944
133404974
133404975
133404978
133404981
133404987
133404994
133404999
133405011
133405063
133405108
133405135
133409660
133411518
133411519
133411520
133411522
133411524
133411526
133411528
133411531
133411532
133411533
133411534
133411535
133411538
133411542
133411545
133411550
133411552
133411557
133411568
133411641
133411657
133411659
133411667
133411669
133411670
133411677
133411687
133411693
133411700
133411710
133411747
133411753
133411759
133411762
133411780
133411812
133411988
133411991
133411993
133411995
133412002
133412003
133412004
133412005
133412006
133412009
133412011
133412015
133412016
133412017
133412019
133412023
133412024
133412025
133412027
133412029
133412032
133412034
133412037
133412038
133412039
133412042
133412044
133414402
133414405
133414406
133414407
133414408
133414409
133414410
133414411
133414412
133414413
133414414
133414416
133414418
133414419
133414421
133414424
133414425
133414426
133414427
133414430
133414431
133414434
133414435
133414437
133414442
133414444
133414445
133414447
133414449
133414450
133414451
133414452
133414453
133414457
133414459
133414465
133414466
133414468
133414470
133414471
133414504
133414506
133414511
133414521
133414524
133414527
133414528
133414531
133414536
133416031
133416046
133416052
133416056
133416057
133416062
133416069
133416070
133416071
133416076
133416080
133416082
133416083
133416087
133416089
133416094
133416096
133416097
133416099
133416104
133416105
133416106
133416107
133416115
133416120
133416127
133416131
133416134
133416141
133416147
133416151
133416152
133416153
133416158
133416159
133416161
133416164
133416171
133416175
133416176
133416182
133416187
133416189
133416192
133416193
133416199
133416207
133416210
133416211
133416212
133416216
133416224
133416230
133416232
133416233
133416234
133416236
133416239
133416244
133416252
133416260
133416261
133416262
133416265
133416268
133416269
133416271
133416280
133416281
133416283
133416286
133416290
133416294
133416295
133416298
133416301
133416302
133416303
133416304
133416306
133416307
133416310
133416313
133416315
133416318
133416319
133416330
133416332
133417317
133417318
133417321
133417322
133417323
133417324
133417328
133417332
133417333
133417334
133417344
133417346
133417348
133417349
133417361
133417362
133417363
133417367
133417370
133417372
133417378
133417380
133417385
133417387
133417391
133417399
133417401
133417402
133417406
133417409
133417410
133417411
133417412
133417414
133417419
133417420
133417424
133417428
133417437
133417438
133417439
133417440
133417442
133417444
133417447
133417448
133417450
133417454
133417459
133417465
133417466
133417468
133417471
133417478
133417479
133417480
133417481
133417483
133417489
133417492
133417493
133417494
133417496
133417499
133417505
133417506
133417513
133417520
133417526
133417533
133417534
133417540
133417547
133417562
133417563
133417568
133417569
133417576
133417578
133417661
133417686
133417731
133417774
133428710
133428711
133428712
133428713
133428791
133428792
133428793
133428794
133440766
133445399
133445401
133445402
133460106
133460312
133462817
133462834
133462855
133462859
133462868
133462882
133462893
133462904
133462922
133462953
133462954
133462964
133462971
133462976
133462986
133462996
133463002
133463004
133463018
133463022
133463024
133463033
133463036
133463055
133463061
133463064
133463070
133466969
133467552
133489405
133489424
133489430
133489495
133489517
133489535
133489544
133489672
133489685
133489700
133489703
133489711
133489736
133489760
133489765
133489825
133489880
133489912
133489916
133489951
133489977
133489983
133489993
133490019
133490037
133490038
133494989
133495620
133500353
133500380
133500403
133501306
133501318
133501319
133501329
133501330
133501335
133501338
133501341
133501342
133501349
133501351
133501353
133501364
133501374
133501377
133501389
133501394
133501411
133501418
133501428
133501433
133501456
133501459
133501468
133501470
133501477
133501499
133501506
133501509
133501514
133503089
133503792
133505249
133513635
133526635
133529600
133529601
133529602
133529603
133529704
133529705
133529775
133533853
133533921
133533972
133534083
133534140
133534141
133534142
133534149
133534172
133534230
133534237
133534252
133534287
133534288
133534302
133534332
133557381
133568077
133568078
133568079
133568080
133568081
133568085
133568087
133568089
133568090
133568091
133568094
133568096
133568098
133568100
133568102
133568104
133568105
133568106
133568108
133568109
133568111
133568113
133568114
133568115
133568116
133568117
133568118
133568119
133568120
133568121
133568122
133568123
133568124
133569139
133579733
133600046
133600554
133600562
133602858
133602867
133603007
133605703
133606040
133606265
133606268
133606317
133606330
133606395
133606410
133606870
133606932
133606994
133609499
133671355
133671379
133671495
133671525
133671534
133671547
133671930
133673030
133673097
133704959
133704970
133704971
133704972
133704976
133704977
133704978
133709296
133710658
133724933
133726559
133726607
133726621
133726634
133726655
133726674
133726675
133726679
133726755
133753154
133753171
133753188
133786042
133786084
133786269
133786271
133788679
133805836
133809784
133813775
133854674
133854697
133854711
133854724
133854757
133854772
133869959
133884474
133984531
134042763
134042772
134043001
134050281
134050490
134053378
134053389
134055510
134055538
134055657
134074076
134074077
134074079
134074080
134074081
134074082
134074083
134091715
134091727
134091737
134091825
134104499
134142658
134191617
134238962
134239160
134258575
134280884
134298211
134307919
134311163
134321221
134330094
134330227
134330336
134330359
134330388
134345907
134345914
134345934
134345945
134345961
134345970
134460111
134460328
134460412
134461027
134466690
134467803
134467884
134468421
134469218
134469306
134469585
134469586
134470021
134470109
134470612
134470709
134470819
134770982
134771031
134771067
134771074
134776008
134776401
134776418
134778449
134778451
134778455
134778456
134778458
134779939
134780030
134780036
134780037
134780041
134780111
134785337
134804472
134804479
134804481
134830351
134830443
134830720
134846594
134846760
134865847
134870910
134871105
134871113
134871126
134871193
134899680
134899684
134899686
134899687
134899688
134899689
134899690
134899691
134913374
134983745
134989172
134990859
135150306
135157797
135159270
135160544
135168560
135172095
135197108
135197799
135198831
135204204
135210582
135214745
135215519
135217270
135352764
135352767
135352905
135352934
135352938
135357284
135357288
135357291
135357293
135357297
135357306
135357449
135357450
135357472
135357496
135357661
135357668
135359595
135359597
135359630
135360913
135360964
135361019
135361042
135361053
135361130
135361141
135361220
135361273
135361279
135361304
135361326
135361350
135361368
135361394
135361399
135361409
135361430
135361453
135365821
135375481
135381046
135381058
135381095
135381112
135381201
135381435
135381609
135384065
135384086
135384170
135384240
135384280
135384334
135384382
135384515
135384646
135384654
135384655
135400965
135401095
135405074
135405248
135405408
135406122
135406208
135407143
135407210
135407260
135407840
135407969
135410323
135410372
135413753
135414456
135414565
135414673
135414931
135415326
135415974
135416107
135419920
135426043
135428010
135428012
135428013
135429466
135429549
135429761
135429849
135431486
135431585
135431722
135432537
135432846
135443790
135443823
135444442
135444515
135444524
135444730
135452065
135457109
135457315
135464001
135469283
135474085
135474643
135478888
135480207
135481918
135534021
135534090
135534693
135534864
135536557
135541437
135555982
135556064
135596630
135922209
135922528
135924732
135926330
135926382
135926413
135926422
135926467
135926555
135926650
135926721
135937224
135941022
135949650
135950251
135953448
135953935
135954033
135958755
135975006
135975012
135975048
135975156
135985453
135985713
135987716
135987746
135987803
135987830
135987831
135987853
135987868
135996752
136011510
136014076
136014096
136037774
136047392
136140084
136233834
136270544
136270967
136303481
136451539
137000743
137022564
137806159
138015124
138015241
138230630
138930460
138930461
138930463
138935146
138935198
138935219
138937385
138938683
138938719
138938901
138938930
138938946
138939054
138939196
138960827
138982337
138985622
138999354
139000906
139002410
139002572
139022735
139675237
139675402
139724062
139750240
140061451
140401559
140446614
141126677
141126959
141144175
141165376
141192210
141368599
141368602
141368636
141368644
141368645
141368684
141368704
141368705
141368711
141368726
141368749
141368766
141368770
141368776
141368805
141368810
141368814
141368838
141368849
141368850
141368869
141368873
141368879
141368889
141368895
141368909
141368911
141368915
141368920
141368928
141373376
141373401
141373462
141373473
141373488
141373498
141373513
141373558
141373566
141373582
141373597
141373607
141373613
141373760
141373764
141373774
141373783
141375781
141375784
141375785
141375795
141375797
141375801
141375804
141375833
141375844
141375847
141375861
141377158
141377207
141377220
141377224
141377259
141377260
141377264
141377303
141377338
141377342
141377376
141377396
141377435
141377456
141377496
141377502
141377507
141377523
141377528
141377542
141377559
141377562
141377592
141377623
141377636
141377643
141377672
141377684
141377685
141377724
141378925
141382340
141385362
141392115
141392152
141395899
141396221
141396955
141397615
141397658
141397674
141397685
141397712
141397773
141397783
141400796
141400940
141401264
141401523
141417983
141418005
141418058
141418063
141418069
141418107
141418290
141418314
141422314
141422329
141422472
141426456
141426457
141426471
141426475
141426478
141426486
141426494
141426500
141426503
141426510
141426512
141426521
141426532
141426534
141426536
141426547
141426550
141426552
141426562
141426563
141426569
141426570
141426588
141426590
141426593
141426600
141426606
141426610
141426615
141426622
141426623
141426626
141426643
141431536
141444118
141444134
141444139
141444140
141444162
141444189
141444275
141444303
141444393
141444463
141465064
141465065
141465067
141465068
141465077
141465146
141465147
141473486
141473830
141481269
141481271
141484475
141508684
141543864
141616639
141625811
141625812
141627027
141627058
141627123
141627142
141627177
141627197
141627205
141627244
141627263
141627288
141627301
141634809
141634814
141634821
141634951
141634990
141634992
141635009
141635184
141639272
141639274
141639326
141639339
141641013
141641027
141641053
141641114
141641133
141641142
141641143
141641175
141641195
141641206
141641216
141641224
141641226
141641265
141641409
141641519
141641558
141641573
141641583
141661439
141661440
141661441
141661442
141661443
141665407
141665779
141672001
141672894
141672937
141674464
141674514
141674566
141695020
141695021
141695025
141695031
141695043
141695046
141695053
141695065
141695067
141695071
141695085
141695105
141695110
141695113
141695129
141695130
141695135
141695136
141725191
141725193
141725649
141725706
141725738
141725823
141725850
141725914
141725930
141725955
141726011
141726053
141738550
141741952
141741976
141741978
141741989
141741999
141742005
141742009
141742025
141742029
141742035
141742052
141742055
141742062
141742083
141742090
141749327
141755981
141756242
141756252
141764909
141771000
141771308
141771326
141771394
141771427
141771484
141779699
141781396
141782134
141799172
141799803
141801839
141812443
141812455
141812456
141812602
141819006
141819454
141820666
141821673
141822105
141824325
141826730
141828004
141831123
141839823
141844728
141845149
141855871
141859152
141860606
141861790
141861810
141919953
141919959
141938207
141938888
141939189
141944324
141946228
141947029
141948878
141951454
141951981
142039770
142041225
142042595
142050138
142052964
142053225
142068614
142068825
142073323
142073337
142073432
142077262
142077505
142094618
142094931
142097286
142100892
142101155
142119630
142129212
142130194
142137153
142138737
142141814
142198833
142346374
142351176
142606951
142847762
142858704
142858735
142858798
142858803
142858888
142858999
142863350
142863356
142863367
142863371
142863437
142863442
142863485
142863516
142863525
142863541
142863559
142863735
142863741
142863742
142865845
142865873
142867132
142867154
142867199
142867205
142867281
142867327
142867489
142867596
142867611
142867623
142867690
142868791
142871840
142878918
142878920
142881671
142881672
142881676
142881678
142881685
142881686
142881689
142881690
142881691
142881692
142881693
142881695
142881698
142881699
142881701
142881702
142881703
142881704
142881708
142881710
142881712
142881714
142881718
142881719
142881722
142881724
142881728
142881729
142881730
142881731
142881733
142881734
142881736
142881738
142881740
142881741
142881744
142881745
142881746
142881747
142881748
142884185
143112849
143361553
143361601
143391380
143394336
143394914
143434672
143602582
143602585
143602593
143606860
143606994
143611698
143611982
143614108
143614115
143615430
143615473
143615535
143615556
143615692
143615831
143615968
143634815
143681903
143681946
143703681
143802624
143862708
143862709
143862710
143862711
143862712
143862713
143862714
143862715
143862718
143862719
143862720
143862721
143862722
143862723
143862726
143862727
143862728
143862729
143862731
143862733
143862737
143862745
143862757
143862758
143862759
143862760
143862761
143862762
143862763
143862784
143862792
143870092
143870168
143870250
143870296
143874661
143874680
143874751
143874915
143876905
143878433
143878565
143878628
143878691
143895399
143896363
143899735
143916267
143924042
143924068
143924081
143940835
144370009
144620958
144621084
144641189
144641852
144642562
144666348
144858684
144858685
144858686
144858687
144858688
144858689
144858692
144858693
144858694
144861074
144861075
144861076
144861077
144861078
144861079
144861080
144861081
144861082
144861083
144861084
144861085
144861086
144861087
144861088
144861089
144861090
144861091
144861092
144861093
144861094
144861095
144861096
144861097
144861098
144861099
144861100
144861101
144861102
144861103
144861104
144861105
144861106
144861107
144861108
144861109
144861110
144861111
144861112
144861113
144861114
144861115
144861116
144861117
144861118
144861119
144861120
144861121
144861122
144861123
144861124
144861125
144861126
144861127
144861128
144861129
144861130
144861131
144861132
144861133
144861134
144861135
144861136
144861137
144861138
144861139
144861140
144861141
144861142
144861143
144861144
144861145
144861146
144861147
144861148
144861149
144861150
144861151
144861152
144861153
144861154
144861155
144861156
144861157
144861158
144861159
144861160
144861161
144861162
144861163
144861164
144861165
144861166
144861167
144861168
144861169
144861170
144861171
144861172
144861173
144861174
144861175
144861176
144861177
144861178
144861179
144861180
144861181
144861182
144861183
144861184
144861185
144861186
144861187
144861188
144861189
144861190
144861191
144861192
144861193
144861194
144861195
144861196
144861197
144861198
144861199
144861200
144861201
144861202
144861203
144861204
144861205
144861206
144861207
144861208
144861209
144861210
144861211
144861212
144861213
144861214
144861215
144861216
144861217
144861218
144861219
144861220
144861221
144861222
144861223
144861224
144861225
144861226
144861227
144861228
144861229
144861230
144861231
144861232
144861233
144861234
144861235
144861236
144861237
144861238
144861239
144861240
144861241
144861242
144861243
144861244
144861245
144861246
144861247
144861248
144861249
144861250
144861251
144861252
144861253
144861254
144861255
144861256
144861257
144861258
144861259
144861260
144861261
144861262
144861263
144861264
144861265
144861266
144861267
144861268
144861269
144861270
144861271
144861272
144861273
144861274
144861275
144861276
144861277
144861278
144861279
144861280
144861281
144861282
144861283
144861284
144861285
144861286
144861287
144861288
144861289
144861290
144861291
144861292
144861293
144861294
144861295
144861296
144861297
144861298
144861299
144861300
144861301
144861302
144861303
144861304
144861305
144861306
144861307
144861308
144861309
144861310
144861311
144861312
144861313
144861314
144861315
144861316
144861317
144861318
144861319
144861320
144861321
144861322
144861323
144861324
144861325
144861326
144861327
144861328
144861329
144861330
144861331
144861332
144861333
144861334
144861335
144861336
144861337
144861338
144861339
144861340
144861341
144861342
144861343
144861344
144861345
144861346
144861347
144861348
144861349
144861350
144861351
144861352
144861353
144861354
144861355
144861356
144861357
144861358
144861359
144861360
144861361
144861362
144861363
144861364
144861365
144861366
144861367
144861368
144861369
144861370
144865502
144865503
144865504
144865505
144865506
144865507
144865508
144865509
144865510
144865511
144865512
144865513
144865514
144865515
144865516
144865517
144865518
144865519
144865520
144865521
144865522
144865523
144865524
144865525
144865526
144865527
144865528
144865529
144865530
144865531
144865567
144865568
144865569
144865570
144865571
144865572
144865573
144865574
144865575
144865576
144865577
144865578
144865579
144865580
144865581
144865582
144865583
144865584
144865585
144865586
144865587
144865588
144865589
144865590
144865591
144865592
144865593
144865594
144865595
144865596
144865597
144865598
144865599
144865600
144865601
144865602
144865603
144865604
144865605
144865606
144865607
144865608
144865609
144865610
144865611
144865612
144865613
144865614
144865615
144865616
144865617
144865618
144865619
144865620
144865621
144865622
144865623
144865624
144865625
144865626
144865627
144865628
144865629
144865630
144865631
144865632
144865633
144865634
144865635
144865636
144865637
144865638
144865639
144865640
144865641
144865642
144865643
144865644
144865645
144865646
144865647
144865648
144865649
144865650
144865651
144865652
144865653
144865654
144865655
144865656
144865657
144865658
144865659
144865660
144865661
144865662
144865663
144865664
144865665
144865666
144865667
144865668
144865669
144865670
144865671
144865672
144865673
144865674
144865675
144865676
144865677
144865678
144865679
144865680
144865681
144865682
144865683
144865684
144865685
144865686
144865687
144865688
144865689
144865690
144865691
144865692
144865693
144865694
144865695
144865696
144865697
144865698
144865699
144865700
144865701
144865702
144865703
144865704
144865705
144865706
144865707
144865708
144865709
144865710
144865711
144865712
144865713
144865714
144865715
144865716
144865717
144865718
144865719
144865720
144865721
144865722
144865723
144865724
144865856
144865857
144865858
144865859
144865860
144865861
144865862
144865863
144865864
144865865
144865866
144865867
144865868
144865869
144865870
144865871
144865872
144865873
144865874
144865875
144865876
144865877
144865878
144865879
144865880
144865881
144865882
144865883
144865884
144865885
144865886
144865887
144865888
144865889
144865890
144867790
144867791
144867792
144867793
144867794
144867795
144867796
144867797
144867798
144867799
144867800
144867801
144867802
144867803
144867804
144867805
144867806
144867807
144867820
144867821
144867822
144867823
144867824
144867825
144867826
144867827
144867828
144867829
144867830
144867831
144867832
144867833
144867834
144867835
144867836
144867837
144867838
144867839
144867840
144867841
144867842
144867843
144867844
144867845
144867846
144867847
144867848
144867849
144867850
144867851
144867852
144867853
144867854
144867855
144867856
144867857
144867858
144867859
144867860
144867861
144867862
144867863
144867864
144867865
144867866
144867867
144867868
144869078
144869079
144869080
144869081
144869082
144869083
144869084
144869085
144869086
144869087
144869088
144869089
144869090
144869091
144869092
144869093
144869094
144869095
144869096
144869097
144869098
144869099
144869100
144869101
144869102
144869103
144869104
144869105
144869106
144869107
144869108
144869109
144869110
144869111
144869112
144869113
144869114
144869115
144869116
144869117
144869118
144869119
144869120
144869121
144869122
144869123
144869124
144869125
144869126
144869127
144869128
144869129
144869130
144869131
144869132
144869133
144869134
144869135
144869136
144869137
144869138
144869139
144869140
144869141
144869142
144869143
144869144
144869145
144869146
144869147
144869148
144869149
144869150
144869151
144869152
144869153
144869154
144869155
144869156
144869157
144869158
144869159
144869160
144869161
144869162
144869163
144869164
144869165
144869166
144869167
144869168
144869169
144869170
144869171
144869172
144869173
144869174
144869175
144869176
144869177
144869178
144869179
144869180
144869181
144869182
144869183
144869184
144869185
144869186
144869187
144869188
144869189
144869190
144869191
144869192
144869193
144869194
144869195
144869196
144869197
144869198
144869199
144869200
144869201
144869202
144869203
144869204
144869205
144869206
144869207
144869208
144869209
144869210
144869211
144869212
144869213
144869214
144869215
144869216
144869217
144869218
144869219
144869220
144869221
144869222
144869223
144869224
144869225
144869226
144869227
144869228
144869229
144869230
144869231
144869232
144869233
144869234
144869235
144869236
144869237
144869238
144869239
144869240
144869241
144869242
144869243
144869244
144869245
144869246
144869247
144869248
144869249
144869250
144869251
144869252
144869253
144869254
144869255
144869256
144869257
144869258
144869259
144869260
144869261
144869262
144869263
144869264
144869265
144869266
144869267
144869268
144869269
144869270
144869271
144869272
144869273
144869274
144869275
144869276
144869277
144869278
144869279
144869280
144869281
144869282
144869283
144869284
144869285
144869286
144869287
144869288
144869289
144869290
144869291
144869292
144869293
144869294
144869295
144869296
144869297
144869298
144869299
144869300
144869301
144869302
144869303
144869304
144869305
144869306
144869307
144869308
144869309
144869310
144869311
144869312
144869313
144869314
144869315
144869316
144869317
144869318
144869319
144869320
144869321
144869322
144869323
144869324
144869325
144869326
144869327
144869328
144869329
144869330
144869331
144869332
144869333
144869334
144869335
144869336
144869337
144869338
144869339
144869340
144869341
144869342
144869343
144869344
144869345
144869346
144869347
144869348
144869349
144869350
144869351
144869352
144869353
144869354
144869355
144869356
144869357
144869358
144869359
144869360
144869361
144869362
144869363
144869364
144869365
144869366
144869367
144869368
144869369
144869370
144869371
144869372
144869373
144869374
144869375
144869376
144869377
144869378
144869379
144869380
144869381
144869382
144869383
144869384
144869385
144869386
144869387
144869388
144869389
144869390
144869391
144869392
144869393
144869394
144869395
144869396
144869397
144869398
144869399
144869400
144869401
144869402
144869403
144869404
144869405
144869406
144869407
144869408
144869409
144869410
144869411
144869412
144869413
144869414
144869415
144869416
144869417
144869418
144869419
144869420
144869421
144869422
144869423
144869424
144869425
144869426
144869427
144869428
144869429
144869430
144869431
144869432
144869433
144869434
144869435
144869436
144869437
144869438
144869439
144869440
144869441
144869442
144869443
144869444
144869445
144869446
144869447
144869448
144869449
144869450
144869451
144869452
144869453
144869454
144869455
144869456
144869457
144869458
144869459
144869460
144869461
144869462
144869463
144869464
144869465
144869466
144869467
144869468
144869469
144869470
144869471
144869472
144869473
144869474
144869475
144869476
144869477
144869478
144869479
144869480
144869481
144869482
144869483
144869484
144869485
144869486
144869487
144869488
144869489
144869490
144869491
144869492
144869493
144869494
144869495
144869496
144869497
144869498
144869499
144869500
144869501
144869502
144869503
144869504
144869505
144869506
144869507
144869508
144869509
144869510
144869511
144869512
144869513
144869514
144869515
144869516
144869517
144869518
144869519
144869520
144869521
144869522
144869523
144869524
144869525
144869526
144869527
144869528
144869529
144869530
144869531
144869532
144869533
144869534
144869535
144869536
144869537
144869538
144869539
144869540
144869541
144869542
144869543
144869544
144869545
144869546
144869547
144869548
144869549
144869550
144869551
144869552
144869553
144869554
144869555
144869556
144869557
144869558
144869559
144869560
144869561
144869562
144869563
144869564
144869565
144869566
144869567
144869568
144869569
144869570
144869571
144869572
144869573
144869574
144869575
144869576
144869577
144869578
144869579
144869580
144869581
144869582
144869583
144869584
144869585
144869586
144869587
144869588
144869589
144869590
144869591
144869592
144869593
144869594
144869595
144869596
144869597
144869598
144869599
144869600
144869601
144869602
144869603
144869604
144869605
144869606
144869607
144869608
144869609
144869610
144869611
144869612
144869613
144869614
144869615
144869616
144869617
144869618
144869619
144869620
144869621
144869622
144869623
144869624
144869625
144869626
144869627
144869628
144869629
144869630
144870703
144870704
144870705
144873532
144873585
144876012
144876013
144876014
144876015
144876016
144876017
144876018
144876019
144877498
144877500
144877510
144877517
144877620
144877624
144880192
144880193
144880194
144880195
144880228
144880229
144880230
144880683
144882201
144882236
144882274
144882498
144882889
144882891
144882892
144882894
144882895
144882896
144882898
144882900
144882902
144882904
144882905
144882906
144882907
144882908
144885029
144885031
144885032
144885033
144885037
144885038
144885040
144885044
144885047
144885048
144885050
144885053
144885056
144885058
144885059
144885509
144886171
144886847
144886848
144886850
144886857
144886860
144886866
144886870
144886874
144886879
144886884
144886886
144886890
144886894
144886903
144886906
144886907
144886912
144886914
144886915
144886922
144886925
144886928
144886930
144886931
144886940
144886943
144886952
144886953
144886958
144886971
144886974
144886975
144886977
144886989
144886998
144886999
144887005
144887011
144887012
144887016
144887155
144887156
144887160
144887161
144887162
144887164
144887165
144887167
144887168
144887169
144887170
144887172
144887173
144887174
144887178
144887181
144887182
144887183
144887185
144887186
144887188
144887190
144887195
144887196
144887198
144887200
144887201
144887202
144887203
144887204
144887206
144887207
144887208
144887209
144887212
144887214
144887216
144887218
144887222
144887223
144887224
144887226
144887228
144887229
144887230
144887231
144887233
144887234
144887236
144887237
144887239
144887240
144887241
144887244
144887246
144887247
144887250
144887251
144887252
144887254
144887256
144887258
144887259
144887260
144887262
144887263
144887264
144887268
144887270
144887272
144887274
144887275
144887276
144887277
144887278
144887279
144887280
144887281
144887282
144887283
144887285
144887286
144887287
144887289
144887290
144887292
144887293
144887294
144887295
144887297
144887300
144887301
144887302
144887304
144887305
144887306
144887307
144887308
144887309
144887310
144887312
144887313
144887315
144887316
144887317
144887318
144887319
144887323
144887325
144887326
144887327
144887329
144887331
144887332
144887333
144887335
144887337
144887338
144887339
144887341
144887343
144887344
144887345
144887347
144887348
144887349
144887350
144887351
144887353
144887354
144887355
144887356
144887358
144887359
144887360
144887362
144887363
144887365
144887367
144887369
144887370
144887371
144887372
144887373
144887374
144887375
144887376
144887377
144887379
144887380
144887382
144887384
144887386
144887387
144887389
144887391
144887392
144887394
144887395
144887396
144887397
144887398
144887401
144887402
144887403
144887405
144887408
144887410
144887411
144887414
144887415
144887416
144887417
144887418
144887419
144887421
144887422
144887423
144887424
144887426
144887427
144887428
144887429
144887430
144887431
144887433
144887434
144887435
144887436
144887437
144887439
144887440
144887441
144887442
144887445
144887447
144887448
144887450
144887451
144887452
144887454
144887455
144887457
144887459
144887460
144887461
144889857
144889858
144889859
144889860
144889863
144889865
144889866
144889868
144889870
144889875
144889877
144889878
144889879
144889880
144889881
144889883
144889885
144889886
144889887
144889888
144889891
144889893
144889895
144889897
144889900
144889901
144889903
144889905
144889906
144889907
144889909
144889911
144889912
144889917
144889918
144889919
144889922
144889929
144889930
144889931
144889932
144889933
144889935
144889936
144889937
144889939
144889940
144889941
144889943
144889945
144889947
144889949
144889950
144889951
144889952
144889953
144889955
144889956
144889960
144889962
144889963
144889965
144889967
144889969
144889971
144889972
144889973
144889974
144889975
144889978
144889979
144889980
144889984
144889985
144889988
144889991
144889992
144889993
144889995
144889996
144889998
144889999
144890001
144890005
144890006
144890008
144890009
144890011
144890012
144890014
144890016
144890019
144890022
144890023
144890024
144890025
144890029
144890030
144890031
144890034
144890035
144890038
144890040
144890041
144890042
144890043
144890047
144890048
144890050
144890051
144890052
144890055
144890056
144890058
144890059
144890063
144890065
144890067
144890069
144890071
144890074
144890076
144890077
144890080
144890082
144890083
144890084
144890085
144890087
144890088
144890091
144890092
144890093
144890094
144890096
144890097
144890099
144890100
144890102
144890103
144890104
144890105
144890106
144890108
144890109
144890110
144890111
144890112
144890114
144890115
144890116
144890121
144890122
144890124
144890125
144890127
144890128
144890129
144890132
144890133
144890135
144890139
144890140
144890141
144890142
144890143
144890145
144890146
144890148
144890150
144890151
144890152
144890154
144890155
144890158
144890159
144890162
144890163
144890164
144890165
144890167
144890168
144890171
144890172
144890176
144890177
144890181
144890182
144890183
144890187
144890189
144890190
144890191
144890192
144890193
144890194
144890199
144890200
144890202
144890204
144890205
144890211
144890213
144890214
144890215
144890218
144890219
144890222
144890224
144890225
144890227
144890230
144890235
144890238
144890239
144890241
144890243
144890244
144890245
144890246
144890247
144890249
144890252
144890253
144890255
144890259
144890261
144890262
144890263
144890264
144890265
144890266
144890267
144890273
144890275
144890276
144890277
144890278
144890282
144890283
144890286
144890288
144890289
144890290
144890292
144890295
144890298
144890299
144890300
144890301
144890302
144890303
144890304
144890307
144890308
144890309
144890312
144890315
144890316
144890317
144890319
144890321
144890323
144890327
144890328
144890330
144890331
144890333
144890334
144890335
144890337
144890338
144890339
144890341
144890343
144890345
144890347
144890348
144890349
144890352
144890356
144890358
144890360
144890361
144890362
144890367
144890371
144890372
144890374
144890376
144890380
144890382
144890385
144890387
144890388
144890389
144890390
144890392
144890394
144890395
144890396
144890397
144890398
144890400
144890401
144890403
144890406
144890408
144890410
144890411
144890412
144890414
144890415
144890417
144890418
144890421
144890423
144890424
144890425
144890426
144890427
144890428
144890435
144890436
144890438
144890440
144890441
144890443
144890445
144890447
144890451
144890452
144890457
144890458
144890498
144890500
144890504
144890506
144890507
144890508
144890509
144890510
144890513
144890514
144890516
144890517
144890519
144890520
144890523
144890524
144890525
144890527
144890529
144890531
144890532
144890534
144890537
144890540
144890542
144890543
144890548
144890551
144890552
144890553
144890554
144890556
144890558
144890559
144890562
144890564
144890565
144890569
144890570
144890574
144890577
144890578
144890583
144890584
144893935
144906390
144906456
144906469
144906485
144906488
144906493
144906496
144906539
144906541
144906556
144906560
144906582
144906587
144906606
144906626
144906629
144906638
144906643
144906663
144906669
144906989
144909968
144910377
144911495
144911527
144913639
144914036
144914039
144914041
144914042
144914043
144914045
144914046
144914048
144914051
144914052
144914058
144914060
144914064
144914065
144914066
144914067
144914068
144914071
144914072
144914073
144914074
144914075
144914077
144914078
144914079
144914080
144914081
144914082
144914083
144914084
144914085
144914086
144914088
144914089
144914090
144914091
144914092
144914094
144914095
144914096
144914097
144914100
144914101
144914102
144914103
144914104
144914106
144914107
144914110
144914112
144914114
144914115
144914116
144914117
144914118
144914119
144914121
144914122
144914123
144914124
144914125
144914126
144914129
144914130
144914131
144914134
144914135
144914136
144914138
144914139
144914140
144914141
144914142
144914143
144914144
144914145
144914146
144914152
144914153
144914155
144914156
144914157
144914158
144914161
144914162
144914163
144914164
144914165
144914166
144914168
144914170
144914171
144914172
144914173
144914176
144914177
144914178
144914179
144914187
144914196
144914833
144915281
144915426
144915437
144915470
144915484
144915503
144915512
144915541
144915542
144915552
144915561
144915579
144915590
144915603
144918234
144918827
144921870
144921930
144921948
144921957
144924952
144925581
144925818
144927569
144928972
144928973
144930204
144930205
144930206
144930207
144930208
144930209
144930210
144930211
144930212
144930213
144930214
144930215
144930216
144930217
144930218
144930219
144930220
144930221
144930222
144930223
144930224
144930225
144930226
144930227
144930228
144930229
144930230
144930231
144930232
144930233
144930234
144930235
144930236
144930237
144930238
144930239
144930240
144930241
144930242
144930243
144930244
144930245
144930246
144930247
144930248
144930249
144930250
144930251
144930252
144930253
144930254
144930255
144930256
144930257
144930258
144930259
144930260
144930261
144930262
144930263
144930264
144930265
144930266
144930267
144930268
144930269
144930270
144930271
144930272
144930273
144930274
144930275
144930276
144930277
144930278
144930279
144930280
144930281
144930282
144930283
144930284
144930285
144930286
144930287
144930288
144930289
144930290
144930291
144930292
144930293
144930294
144930295
144930296
144930297
144930298
144930299
144930300
144930301
144930302
144930303
144930304
144930305
144930306
144930307
144930308
144930309
144930310
144930311
144930312
144930313
144930314
144930315
144930316
144930317
144930318
144930319
144930320
144930321
144930322
144930323
144930324
144930325
144930326
144930327
144930328
144930329
144930330
144930331
144930332
144930333
144930334
144930335
144930336
144930337
144930338
144930339
144930340
144930341
144930342
144930343
144930344
144930345
144930346
144930347
144930348
144930349
144930350
144930351
144930352
144930353
144930354
144930355
144930356
144930357
144930358
144930359
144930360
144930361
144930362
144930363
144930364
144930365
144930366
144930367
144930368
144930369
144930370
144930371
144930372
144930373
144930374
144930375
144930376
144930377
144930378
144930379
144930380
144930381
144930382
144930383
144930384
144930385
144930386
144930387
144930388
144930389
144930390
144930391
144930392
144930393
144930394
144930395
144930396
144930397
144930398
144930399
144930400
144930401
144930402
144930403
144930404
144930405
144930406
144930407
144930408
144930409
144930410
144930411
144930412
144930413
144930414
144930415
144930416
144930417
144930418
144930419
144930420
144930421
144930422
144930423
144930424
144930425
144930426
144930427
144930428
144930429
144930430
144930431
144930432
144930433
144930434
144930435
144930436
144930467
144930517
144930522
144930528
144930532
144930533
144930534
144930537
144930541
144930545
144930559
144930578
144939580
144945080
144949897
144949898
144949899
144949900
144949901
144949902
144949903
144949904
144949905
144949906
144949907
144949908
144949909
144949910
144949911
144949912
144949913
144949979
144950357
144950653
144950898
144950901
144950902
144950903
144950904
144954215
144956938
144957118
144957486
144959823
144965011
144965012
144965013
144965014
144965015
144965016
144965017
144969878
144970485
144972727
144974264
144974878
144976406
144978353
144978452
144978958
144979759
144979864
144981259
144981876
144982577
144983272
144983309
144983468
144984234
144987065
144987816
144988839
144990717
144991606
144992115
144993444
145027855
145027902
145041550
145064537
145093276
145094224
145096853
145098208
145098209
145098210
145098211
